Cyc Orig Cmd    Addr      Data  Shared
19   4    3   0x00000000   0       0     0
20   4    3   0x00000001   0       0     0
21   4    3   0x00000002   0       0     0
22   4    3   0x00000003   0       0     0
39   4    3   0x00000000   0       0     1
40   4    3   0x00000001   0       0     1
41   4    3   0x00000002   0       0     1
42   4    3   0x00000003   0       0     1
59   4    3   0x00000000   0       0     2
60   4    3   0x00000001   0       0     2
61   4    3   0x00000002   0       0     2
62   4    3   0x00000003   0       0     2
79   4    3   0x00000000   0       0     3
80   4    3   0x00000001   0       0     3
81   4    3   0x00000002   0       0     3
82   4    3   0x00000003   0       0     3
101   4    3   0x00000000   0       0     0
102   4    3   0x00000001   0       0     0
103   4    3   0x00000002   0       0     0
104   4    3   0x00000003   0       0     0
107   1    3   0x00000000   1       0     1
108   1    3   0x00000001   0       1     1
109   1    3   0x00000002   0       1     1
110   1    3   0x00000003   0       1     1
112   0    3   0x00000000   1       1     0
113   0    3   0x00000001   0       1     0
114   0    3   0x00000002   0       1     0
115   0    3   0x00000003   0       1     0
133   4    3   0x00000000   1       0     2
134   4    3   0x00000001   0       0     2
135   4    3   0x00000002   0       0     2
136   4    3   0x00000003   0       0     2
153   4    3   0x00000000   1       0     1
154   4    3   0x00000001   0       0     1
155   4    3   0x00000002   0       0     1
156   4    3   0x00000003   0       0     1
174   4    3   0x00000000   1       0     3
175   4    3   0x00000001   0       0     3
176   4    3   0x00000002   0       0     3
177   4    3   0x00000003   0       0     3
194   4    3   0x00000000   1       0     0
195   4    3   0x00000001   0       0     0
196   4    3   0x00000002   0       0     0
197   4    3   0x00000003   0       0     0
202   1    3   0x00000000   2       0     1
203   1    3   0x00000001   0       1     1
204   1    3   0x00000002   0       1     1
205   1    3   0x00000003   0       1     1
211   0    3   0x00000000   2       0     0
212   0    3   0x00000001   0       1     0
213   0    3   0x00000002   0       1     0
214   0    3   0x00000003   0       1     0
220   1    3   0x00000000   3       0     1
221   1    3   0x00000001   0       1     1
222   1    3   0x00000002   0       1     1
223   1    3   0x00000003   0       1     1
228   0    3   0x00000000   3       0     0
229   0    3   0x00000001   0       1     0
230   0    3   0x00000002   0       1     0
231   0    3   0x00000003   0       1     0
238   1    3   0x00000000   4       0     1
239   1    3   0x00000001   0       1     1
240   1    3   0x00000002   0       1     1
241   1    3   0x00000003   0       1     1
245   0    3   0x00000000   4       0     0
246   0    3   0x00000001   0       1     0
247   0    3   0x00000002   0       1     0
248   0    3   0x00000003   0       1     0
250   1    3   0x00000000   5       1     1
251   1    3   0x00000001   0       1     1
252   1    3   0x00000002   0       1     1
253   1    3   0x00000003   0       1     1
275   4    3   0x00000000   5       0     1
276   4    3   0x00000001   0       0     1
277   4    3   0x00000002   0       0     1
278   4    3   0x00000003   0       0     1
281   0    3   0x00000000   6       0     0
282   0    3   0x00000001   0       1     0
283   0    3   0x00000002   0       1     0
284   0    3   0x00000003   0       1     0
287   1    3   0x00000000   6       1     1
288   1    3   0x00000001   0       1     1
289   1    3   0x00000002   0       1     1
290   1    3   0x00000003   0       1     1
312   4    3   0x00000000   6       0     1
313   4    3   0x00000001   0       0     1
314   4    3   0x00000002   0       0     1
315   4    3   0x00000003   0       0     1
317   0    3   0x00000000   7       0     0
318   0    3   0x00000001   0       1     0
319   0    3   0x00000002   0       1     0
320   0    3   0x00000003   0       1     0
324   1    3   0x00000000   7       1     1
325   1    3   0x00000001   0       1     1
326   1    3   0x00000002   0       1     1
327   1    3   0x00000003   0       1     1
349   4    3   0x00000000   7       0     0
350   4    3   0x00000001   0       0     0
351   4    3   0x00000002   0       0     0
352   4    3   0x00000003   0       0     0
354   1    3   0x00000000   8       0     1
355   1    3   0x00000001   0       1     1
356   1    3   0x00000002   0       1     1
357   1    3   0x00000003   0       1     1
360   0    3   0x00000000   8       1     0
361   0    3   0x00000001   0       1     0
362   0    3   0x00000002   0       1     0
363   0    3   0x00000003   0       1     0
385   4    3   0x00000000   8       0     0
386   4    3   0x00000001   0       0     0
387   4    3   0x00000002   0       0     0
388   4    3   0x00000003   0       0     0
392   1    3   0x00000000   9       0     1
393   1    3   0x00000001   0       1     1
394   1    3   0x00000002   0       1     1
395   1    3   0x00000003   0       1     1
402   0    3   0x00000000   9       0     0
403   0    3   0x00000001   0       1     0
404   0    3   0x00000002   0       1     0
405   0    3   0x00000003   0       1     0
410   1    3   0x00000000   10       0     1
411   1    3   0x00000001   0       1     1
412   1    3   0x00000002   0       1     1
413   1    3   0x00000003   0       1     1
419   0    3   0x00000000   10       0     0
420   0    3   0x00000001   0       1     0
421   0    3   0x00000002   0       1     0
422   0    3   0x00000003   0       1     0
428   1    3   0x00000000   11       0     1
429   1    3   0x00000001   0       1     1
430   1    3   0x00000002   0       1     1
431   1    3   0x00000003   0       1     1
436   0    3   0x00000000   11       0     0
437   0    3   0x00000001   0       1     0
438   0    3   0x00000002   0       1     0
439   0    3   0x00000003   0       1     0
446   1    3   0x00000000   12       0     1
447   1    3   0x00000001   0       1     1
448   1    3   0x00000002   0       1     1
449   1    3   0x00000003   0       1     1
453   0    3   0x00000000   12       0     0
454   0    3   0x00000001   0       1     0
455   0    3   0x00000002   0       1     0
456   0    3   0x00000003   0       1     0
458   1    3   0x00000000   13       1     1
459   1    3   0x00000001   0       1     1
460   1    3   0x00000002   0       1     1
461   1    3   0x00000003   0       1     1
483   4    3   0x00000000   13       0     1
484   4    3   0x00000001   0       0     1
485   4    3   0x00000002   0       0     1
486   4    3   0x00000003   0       0     1
489   0    3   0x00000000   14       0     0
490   0    3   0x00000001   0       1     0
491   0    3   0x00000002   0       1     0
492   0    3   0x00000003   0       1     0
495   1    3   0x00000000   14       1     1
496   1    3   0x00000001   0       1     1
497   1    3   0x00000002   0       1     1
498   1    3   0x00000003   0       1     1
520   4    3   0x00000000   14       0     1
521   4    3   0x00000001   0       0     1
522   4    3   0x00000002   0       0     1
523   4    3   0x00000003   0       0     1
525   0    3   0x00000000   15       0     0
526   0    3   0x00000001   0       1     0
527   0    3   0x00000002   0       1     0
528   0    3   0x00000003   0       1     0
532   1    3   0x00000000   15       1     1
533   1    3   0x00000001   0       1     1
534   1    3   0x00000002   0       1     1
535   1    3   0x00000003   0       1     1
557   4    3   0x00000000   15       0     0
558   4    3   0x00000001   0       0     0
559   4    3   0x00000002   0       0     0
560   4    3   0x00000003   0       0     0
562   1    3   0x00000000   16       0     1
563   1    3   0x00000001   0       1     1
564   1    3   0x00000002   0       1     1
565   1    3   0x00000003   0       1     1
568   0    3   0x00000000   16       1     0
569   0    3   0x00000001   0       1     0
570   0    3   0x00000002   0       1     0
571   0    3   0x00000003   0       1     0
593   4    3   0x00000000   16       0     0
594   4    3   0x00000001   0       0     0
595   4    3   0x00000002   0       0     0
596   4    3   0x00000003   0       0     0
600   1    3   0x00000000   17       0     1
601   1    3   0x00000001   0       1     1
602   1    3   0x00000002   0       1     1
603   1    3   0x00000003   0       1     1
610   0    3   0x00000000   17       0     0
611   0    3   0x00000001   0       1     0
612   0    3   0x00000002   0       1     0
613   0    3   0x00000003   0       1     0
618   1    3   0x00000000   18       0     1
619   1    3   0x00000001   0       1     1
620   1    3   0x00000002   0       1     1
621   1    3   0x00000003   0       1     1
627   0    3   0x00000000   18       0     0
628   0    3   0x00000001   0       1     0
629   0    3   0x00000002   0       1     0
630   0    3   0x00000003   0       1     0
636   1    3   0x00000000   19       0     1
637   1    3   0x00000001   0       1     1
638   1    3   0x00000002   0       1     1
639   1    3   0x00000003   0       1     1
644   0    3   0x00000000   19       0     0
645   0    3   0x00000001   0       1     0
646   0    3   0x00000002   0       1     0
647   0    3   0x00000003   0       1     0
654   1    3   0x00000000   20       0     1
655   1    3   0x00000001   0       1     1
656   1    3   0x00000002   0       1     1
657   1    3   0x00000003   0       1     1
661   0    3   0x00000000   20       0     0
662   0    3   0x00000001   0       1     0
663   0    3   0x00000002   0       1     0
664   0    3   0x00000003   0       1     0
666   1    3   0x00000000   21       1     1
667   1    3   0x00000001   0       1     1
668   1    3   0x00000002   0       1     1
669   1    3   0x00000003   0       1     1
691   4    3   0x00000000   21       0     1
692   4    3   0x00000001   0       0     1
693   4    3   0x00000002   0       0     1
694   4    3   0x00000003   0       0     1
697   0    3   0x00000000   22       0     0
698   0    3   0x00000001   0       1     0
699   0    3   0x00000002   0       1     0
700   0    3   0x00000003   0       1     0
703   1    3   0x00000000   22       1     1
704   1    3   0x00000001   0       1     1
705   1    3   0x00000002   0       1     1
706   1    3   0x00000003   0       1     1
728   4    3   0x00000000   22       0     1
729   4    3   0x00000001   0       0     1
730   4    3   0x00000002   0       0     1
731   4    3   0x00000003   0       0     1
733   0    3   0x00000000   23       0     0
734   0    3   0x00000001   0       1     0
735   0    3   0x00000002   0       1     0
736   0    3   0x00000003   0       1     0
740   1    3   0x00000000   23       1     1
741   1    3   0x00000001   0       1     1
742   1    3   0x00000002   0       1     1
743   1    3   0x00000003   0       1     1
765   4    3   0x00000000   23       0     0
766   4    3   0x00000001   0       0     0
767   4    3   0x00000002   0       0     0
768   4    3   0x00000003   0       0     0
770   1    3   0x00000000   24       0     1
771   1    3   0x00000001   0       1     1
772   1    3   0x00000002   0       1     1
773   1    3   0x00000003   0       1     1
776   0    3   0x00000000   24       1     0
777   0    3   0x00000001   0       1     0
778   0    3   0x00000002   0       1     0
779   0    3   0x00000003   0       1     0
801   4    3   0x00000000   24       0     0
802   4    3   0x00000001   0       0     0
803   4    3   0x00000002   0       0     0
804   4    3   0x00000003   0       0     0
808   1    3   0x00000000   25       0     1
809   1    3   0x00000001   0       1     1
810   1    3   0x00000002   0       1     1
811   1    3   0x00000003   0       1     1
818   0    3   0x00000000   25       0     0
819   0    3   0x00000001   0       1     0
820   0    3   0x00000002   0       1     0
821   0    3   0x00000003   0       1     0
826   1    3   0x00000000   26       0     1
827   1    3   0x00000001   0       1     1
828   1    3   0x00000002   0       1     1
829   1    3   0x00000003   0       1     1
835   0    3   0x00000000   26       0     0
836   0    3   0x00000001   0       1     0
837   0    3   0x00000002   0       1     0
838   0    3   0x00000003   0       1     0
844   1    3   0x00000000   27       0     1
845   1    3   0x00000001   0       1     1
846   1    3   0x00000002   0       1     1
847   1    3   0x00000003   0       1     1
852   0    3   0x00000000   27       0     0
853   0    3   0x00000001   0       1     0
854   0    3   0x00000002   0       1     0
855   0    3   0x00000003   0       1     0
862   1    3   0x00000000   28       0     1
863   1    3   0x00000001   0       1     1
864   1    3   0x00000002   0       1     1
865   1    3   0x00000003   0       1     1
869   0    3   0x00000000   28       0     0
870   0    3   0x00000001   0       1     0
871   0    3   0x00000002   0       1     0
872   0    3   0x00000003   0       1     0
874   1    3   0x00000000   29       1     1
875   1    3   0x00000001   0       1     1
876   1    3   0x00000002   0       1     1
877   1    3   0x00000003   0       1     1
899   4    3   0x00000000   29       0     1
900   4    3   0x00000001   0       0     1
901   4    3   0x00000002   0       0     1
902   4    3   0x00000003   0       0     1
905   0    3   0x00000000   30       0     0
906   0    3   0x00000001   0       1     0
907   0    3   0x00000002   0       1     0
908   0    3   0x00000003   0       1     0
911   1    3   0x00000000   30       1     1
912   1    3   0x00000001   0       1     1
913   1    3   0x00000002   0       1     1
914   1    3   0x00000003   0       1     1
936   4    3   0x00000000   30       0     1
937   4    3   0x00000001   0       0     1
938   4    3   0x00000002   0       0     1
939   4    3   0x00000003   0       0     1
941   0    3   0x00000000   31       0     0
942   0    3   0x00000001   0       1     0
943   0    3   0x00000002   0       1     0
944   0    3   0x00000003   0       1     0
948   1    3   0x00000000   31       1     1
949   1    3   0x00000001   0       1     1
950   1    3   0x00000002   0       1     1
951   1    3   0x00000003   0       1     1
973   4    3   0x00000000   31       0     0
974   4    3   0x00000001   0       0     0
975   4    3   0x00000002   0       0     0
976   4    3   0x00000003   0       0     0
978   1    3   0x00000000   32       0     1
979   1    3   0x00000001   0       1     1
980   1    3   0x00000002   0       1     1
981   1    3   0x00000003   0       1     1
984   0    3   0x00000000   32       1     0
985   0    3   0x00000001   0       1     0
986   0    3   0x00000002   0       1     0
987   0    3   0x00000003   0       1     0
1009   4    3   0x00000000   32       0     0
1010   4    3   0x00000001   0       0     0
1011   4    3   0x00000002   0       0     0
1012   4    3   0x00000003   0       0     0
1016   1    3   0x00000000   33       0     1
1017   1    3   0x00000001   0       1     1
1018   1    3   0x00000002   0       1     1
1019   1    3   0x00000003   0       1     1
1026   0    3   0x00000000   33       0     0
1027   0    3   0x00000001   0       1     0
1028   0    3   0x00000002   0       1     0
1029   0    3   0x00000003   0       1     0
1034   1    3   0x00000000   34       0     1
1035   1    3   0x00000001   0       1     1
1036   1    3   0x00000002   0       1     1
1037   1    3   0x00000003   0       1     1
1043   0    3   0x00000000   34       0     0
1044   0    3   0x00000001   0       1     0
1045   0    3   0x00000002   0       1     0
1046   0    3   0x00000003   0       1     0
1052   1    3   0x00000000   35       0     1
1053   1    3   0x00000001   0       1     1
1054   1    3   0x00000002   0       1     1
1055   1    3   0x00000003   0       1     1
1060   0    3   0x00000000   35       0     0
1061   0    3   0x00000001   0       1     0
1062   0    3   0x00000002   0       1     0
1063   0    3   0x00000003   0       1     0
1070   1    3   0x00000000   36       0     1
1071   1    3   0x00000001   0       1     1
1072   1    3   0x00000002   0       1     1
1073   1    3   0x00000003   0       1     1
1077   0    3   0x00000000   36       0     0
1078   0    3   0x00000001   0       1     0
1079   0    3   0x00000002   0       1     0
1080   0    3   0x00000003   0       1     0
1082   1    3   0x00000000   37       1     1
1083   1    3   0x00000001   0       1     1
1084   1    3   0x00000002   0       1     1
1085   1    3   0x00000003   0       1     1
1107   4    3   0x00000000   37       0     1
1108   4    3   0x00000001   0       0     1
1109   4    3   0x00000002   0       0     1
1110   4    3   0x00000003   0       0     1
1113   0    3   0x00000000   38       0     0
1114   0    3   0x00000001   0       1     0
1115   0    3   0x00000002   0       1     0
1116   0    3   0x00000003   0       1     0
1119   1    3   0x00000000   38       1     1
1120   1    3   0x00000001   0       1     1
1121   1    3   0x00000002   0       1     1
1122   1    3   0x00000003   0       1     1
1144   4    3   0x00000000   38       0     1
1145   4    3   0x00000001   0       0     1
1146   4    3   0x00000002   0       0     1
1147   4    3   0x00000003   0       0     1
1149   0    3   0x00000000   39       0     0
1150   0    3   0x00000001   0       1     0
1151   0    3   0x00000002   0       1     0
1152   0    3   0x00000003   0       1     0
1156   1    3   0x00000000   39       1     1
1157   1    3   0x00000001   0       1     1
1158   1    3   0x00000002   0       1     1
1159   1    3   0x00000003   0       1     1
1181   4    3   0x00000000   39       0     0
1182   4    3   0x00000001   0       0     0
1183   4    3   0x00000002   0       0     0
1184   4    3   0x00000003   0       0     0
1186   1    3   0x00000000   40       0     1
1187   1    3   0x00000001   0       1     1
1188   1    3   0x00000002   0       1     1
1189   1    3   0x00000003   0       1     1
1192   0    3   0x00000000   40       1     0
1193   0    3   0x00000001   0       1     0
1194   0    3   0x00000002   0       1     0
1195   0    3   0x00000003   0       1     0
1217   4    3   0x00000000   40       0     0
1218   4    3   0x00000001   0       0     0
1219   4    3   0x00000002   0       0     0
1220   4    3   0x00000003   0       0     0
1224   1    3   0x00000000   41       0     1
1225   1    3   0x00000001   0       1     1
1226   1    3   0x00000002   0       1     1
1227   1    3   0x00000003   0       1     1
1234   0    3   0x00000000   41       0     0
1235   0    3   0x00000001   0       1     0
1236   0    3   0x00000002   0       1     0
1237   0    3   0x00000003   0       1     0
1242   1    3   0x00000000   42       0     1
1243   1    3   0x00000001   0       1     1
1244   1    3   0x00000002   0       1     1
1245   1    3   0x00000003   0       1     1
1251   0    3   0x00000000   42       0     0
1252   0    3   0x00000001   0       1     0
1253   0    3   0x00000002   0       1     0
1254   0    3   0x00000003   0       1     0
1260   1    3   0x00000000   43       0     1
1261   1    3   0x00000001   0       1     1
1262   1    3   0x00000002   0       1     1
1263   1    3   0x00000003   0       1     1
1268   0    3   0x00000000   43       0     0
1269   0    3   0x00000001   0       1     0
1270   0    3   0x00000002   0       1     0
1271   0    3   0x00000003   0       1     0
1278   1    3   0x00000000   44       0     1
1279   1    3   0x00000001   0       1     1
1280   1    3   0x00000002   0       1     1
1281   1    3   0x00000003   0       1     1
1285   0    3   0x00000000   44       0     0
1286   0    3   0x00000001   0       1     0
1287   0    3   0x00000002   0       1     0
1288   0    3   0x00000003   0       1     0
1290   1    3   0x00000000   45       1     1
1291   1    3   0x00000001   0       1     1
1292   1    3   0x00000002   0       1     1
1293   1    3   0x00000003   0       1     1
1315   4    3   0x00000000   45       0     1
1316   4    3   0x00000001   0       0     1
1317   4    3   0x00000002   0       0     1
1318   4    3   0x00000003   0       0     1
1321   0    3   0x00000000   46       0     0
1322   0    3   0x00000001   0       1     0
1323   0    3   0x00000002   0       1     0
1324   0    3   0x00000003   0       1     0
1327   1    3   0x00000000   46       1     1
1328   1    3   0x00000001   0       1     1
1329   1    3   0x00000002   0       1     1
1330   1    3   0x00000003   0       1     1
1352   4    3   0x00000000   46       0     1
1353   4    3   0x00000001   0       0     1
1354   4    3   0x00000002   0       0     1
1355   4    3   0x00000003   0       0     1
1357   0    3   0x00000000   47       0     0
1358   0    3   0x00000001   0       1     0
1359   0    3   0x00000002   0       1     0
1360   0    3   0x00000003   0       1     0
1364   1    3   0x00000000   47       1     1
1365   1    3   0x00000001   0       1     1
1366   1    3   0x00000002   0       1     1
1367   1    3   0x00000003   0       1     1
1389   4    3   0x00000000   47       0     0
1390   4    3   0x00000001   0       0     0
1391   4    3   0x00000002   0       0     0
1392   4    3   0x00000003   0       0     0
1394   1    3   0x00000000   48       0     1
1395   1    3   0x00000001   0       1     1
1396   1    3   0x00000002   0       1     1
1397   1    3   0x00000003   0       1     1
1400   0    3   0x00000000   48       1     0
1401   0    3   0x00000001   0       1     0
1402   0    3   0x00000002   0       1     0
1403   0    3   0x00000003   0       1     0
1425   4    3   0x00000000   48       0     0
1426   4    3   0x00000001   0       0     0
1427   4    3   0x00000002   0       0     0
1428   4    3   0x00000003   0       0     0
1432   1    3   0x00000000   49       0     1
1433   1    3   0x00000001   0       1     1
1434   1    3   0x00000002   0       1     1
1435   1    3   0x00000003   0       1     1
1442   0    3   0x00000000   49       0     0
1443   0    3   0x00000001   0       1     0
1444   0    3   0x00000002   0       1     0
1445   0    3   0x00000003   0       1     0
1450   1    3   0x00000000   50       0     1
1451   1    3   0x00000001   0       1     1
1452   1    3   0x00000002   0       1     1
1453   1    3   0x00000003   0       1     1
1459   0    3   0x00000000   50       0     0
1460   0    3   0x00000001   0       1     0
1461   0    3   0x00000002   0       1     0
1462   0    3   0x00000003   0       1     0
1468   1    3   0x00000000   51       0     1
1469   1    3   0x00000001   0       1     1
1470   1    3   0x00000002   0       1     1
1471   1    3   0x00000003   0       1     1
1476   0    3   0x00000000   51       0     0
1477   0    3   0x00000001   0       1     0
1478   0    3   0x00000002   0       1     0
1479   0    3   0x00000003   0       1     0
1486   1    3   0x00000000   52       0     1
1487   1    3   0x00000001   0       1     1
1488   1    3   0x00000002   0       1     1
1489   1    3   0x00000003   0       1     1
1493   0    3   0x00000000   52       0     0
1494   0    3   0x00000001   0       1     0
1495   0    3   0x00000002   0       1     0
1496   0    3   0x00000003   0       1     0
1498   1    3   0x00000000   53       1     1
1499   1    3   0x00000001   0       1     1
1500   1    3   0x00000002   0       1     1
1501   1    3   0x00000003   0       1     1
1523   4    3   0x00000000   53       0     1
1524   4    3   0x00000001   0       0     1
1525   4    3   0x00000002   0       0     1
1526   4    3   0x00000003   0       0     1
1529   0    3   0x00000000   54       0     0
1530   0    3   0x00000001   0       1     0
1531   0    3   0x00000002   0       1     0
1532   0    3   0x00000003   0       1     0
1535   1    3   0x00000000   54       1     1
1536   1    3   0x00000001   0       1     1
1537   1    3   0x00000002   0       1     1
1538   1    3   0x00000003   0       1     1
1560   4    3   0x00000000   54       0     1
1561   4    3   0x00000001   0       0     1
1562   4    3   0x00000002   0       0     1
1563   4    3   0x00000003   0       0     1
1565   0    3   0x00000000   55       0     0
1566   0    3   0x00000001   0       1     0
1567   0    3   0x00000002   0       1     0
1568   0    3   0x00000003   0       1     0
1572   1    3   0x00000000   55       1     1
1573   1    3   0x00000001   0       1     1
1574   1    3   0x00000002   0       1     1
1575   1    3   0x00000003   0       1     1
1597   4    3   0x00000000   55       0     0
1598   4    3   0x00000001   0       0     0
1599   4    3   0x00000002   0       0     0
1600   4    3   0x00000003   0       0     0
1602   1    3   0x00000000   56       0     1
1603   1    3   0x00000001   0       1     1
1604   1    3   0x00000002   0       1     1
1605   1    3   0x00000003   0       1     1
1608   0    3   0x00000000   56       1     0
1609   0    3   0x00000001   0       1     0
1610   0    3   0x00000002   0       1     0
1611   0    3   0x00000003   0       1     0
1633   4    3   0x00000000   56       0     0
1634   4    3   0x00000001   0       0     0
1635   4    3   0x00000002   0       0     0
1636   4    3   0x00000003   0       0     0
1640   1    3   0x00000000   57       0     1
1641   1    3   0x00000001   0       1     1
1642   1    3   0x00000002   0       1     1
1643   1    3   0x00000003   0       1     1
1650   0    3   0x00000000   57       0     0
1651   0    3   0x00000001   0       1     0
1652   0    3   0x00000002   0       1     0
1653   0    3   0x00000003   0       1     0
1658   1    3   0x00000000   58       0     1
1659   1    3   0x00000001   0       1     1
1660   1    3   0x00000002   0       1     1
1661   1    3   0x00000003   0       1     1
1667   0    3   0x00000000   58       0     0
1668   0    3   0x00000001   0       1     0
1669   0    3   0x00000002   0       1     0
1670   0    3   0x00000003   0       1     0
1676   1    3   0x00000000   59       0     1
1677   1    3   0x00000001   0       1     1
1678   1    3   0x00000002   0       1     1
1679   1    3   0x00000003   0       1     1
1684   0    3   0x00000000   59       0     0
1685   0    3   0x00000001   0       1     0
1686   0    3   0x00000002   0       1     0
1687   0    3   0x00000003   0       1     0
1694   1    3   0x00000000   60       0     1
1695   1    3   0x00000001   0       1     1
1696   1    3   0x00000002   0       1     1
1697   1    3   0x00000003   0       1     1
1701   0    3   0x00000000   60       0     0
1702   0    3   0x00000001   0       1     0
1703   0    3   0x00000002   0       1     0
1704   0    3   0x00000003   0       1     0
1706   1    3   0x00000000   61       1     1
1707   1    3   0x00000001   0       1     1
1708   1    3   0x00000002   0       1     1
1709   1    3   0x00000003   0       1     1
1731   4    3   0x00000000   61       0     1
1732   4    3   0x00000001   0       0     1
1733   4    3   0x00000002   0       0     1
1734   4    3   0x00000003   0       0     1
1737   0    3   0x00000000   62       0     0
1738   0    3   0x00000001   0       1     0
1739   0    3   0x00000002   0       1     0
1740   0    3   0x00000003   0       1     0
1743   1    3   0x00000000   62       1     1
1744   1    3   0x00000001   0       1     1
1745   1    3   0x00000002   0       1     1
1746   1    3   0x00000003   0       1     1
1768   4    3   0x00000000   62       0     1
1769   4    3   0x00000001   0       0     1
1770   4    3   0x00000002   0       0     1
1771   4    3   0x00000003   0       0     1
1773   0    3   0x00000000   63       0     0
1774   0    3   0x00000001   0       1     0
1775   0    3   0x00000002   0       1     0
1776   0    3   0x00000003   0       1     0
1780   1    3   0x00000000   63       1     1
1781   1    3   0x00000001   0       1     1
1782   1    3   0x00000002   0       1     1
1783   1    3   0x00000003   0       1     1
1805   4    3   0x00000000   63       0     0
1806   4    3   0x00000001   0       0     0
1807   4    3   0x00000002   0       0     0
1808   4    3   0x00000003   0       0     0
1810   1    3   0x00000000   64       0     1
1811   1    3   0x00000001   0       1     1
1812   1    3   0x00000002   0       1     1
1813   1    3   0x00000003   0       1     1
1816   0    3   0x00000000   64       1     0
1817   0    3   0x00000001   0       1     0
1818   0    3   0x00000002   0       1     0
1819   0    3   0x00000003   0       1     0
1841   4    3   0x00000000   64       0     0
1842   4    3   0x00000001   0       0     0
1843   4    3   0x00000002   0       0     0
1844   4    3   0x00000003   0       0     0
1848   1    3   0x00000000   65       0     1
1849   1    3   0x00000001   0       1     1
1850   1    3   0x00000002   0       1     1
1851   1    3   0x00000003   0       1     1
1858   0    3   0x00000000   65       0     0
1859   0    3   0x00000001   0       1     0
1860   0    3   0x00000002   0       1     0
1861   0    3   0x00000003   0       1     0
1866   1    3   0x00000000   66       0     1
1867   1    3   0x00000001   0       1     1
1868   1    3   0x00000002   0       1     1
1869   1    3   0x00000003   0       1     1
1875   0    3   0x00000000   66       0     0
1876   0    3   0x00000001   0       1     0
1877   0    3   0x00000002   0       1     0
1878   0    3   0x00000003   0       1     0
1884   1    3   0x00000000   67       0     1
1885   1    3   0x00000001   0       1     1
1886   1    3   0x00000002   0       1     1
1887   1    3   0x00000003   0       1     1
1892   0    3   0x00000000   67       0     0
1893   0    3   0x00000001   0       1     0
1894   0    3   0x00000002   0       1     0
1895   0    3   0x00000003   0       1     0
1902   1    3   0x00000000   68       0     1
1903   1    3   0x00000001   0       1     1
1904   1    3   0x00000002   0       1     1
1905   1    3   0x00000003   0       1     1
1909   0    3   0x00000000   68       0     0
1910   0    3   0x00000001   0       1     0
1911   0    3   0x00000002   0       1     0
1912   0    3   0x00000003   0       1     0
1914   1    3   0x00000000   69       1     1
1915   1    3   0x00000001   0       1     1
1916   1    3   0x00000002   0       1     1
1917   1    3   0x00000003   0       1     1
1939   4    3   0x00000000   69       0     1
1940   4    3   0x00000001   0       0     1
1941   4    3   0x00000002   0       0     1
1942   4    3   0x00000003   0       0     1
1945   0    3   0x00000000   70       0     0
1946   0    3   0x00000001   0       1     0
1947   0    3   0x00000002   0       1     0
1948   0    3   0x00000003   0       1     0
1951   1    3   0x00000000   70       1     1
1952   1    3   0x00000001   0       1     1
1953   1    3   0x00000002   0       1     1
1954   1    3   0x00000003   0       1     1
1976   4    3   0x00000000   70       0     1
1977   4    3   0x00000001   0       0     1
1978   4    3   0x00000002   0       0     1
1979   4    3   0x00000003   0       0     1
1981   0    3   0x00000000   71       0     0
1982   0    3   0x00000001   0       1     0
1983   0    3   0x00000002   0       1     0
1984   0    3   0x00000003   0       1     0
1988   1    3   0x00000000   71       1     1
1989   1    3   0x00000001   0       1     1
1990   1    3   0x00000002   0       1     1
1991   1    3   0x00000003   0       1     1
2013   4    3   0x00000000   71       0     0
2014   4    3   0x00000001   0       0     0
2015   4    3   0x00000002   0       0     0
2016   4    3   0x00000003   0       0     0
2018   1    3   0x00000000   72       0     1
2019   1    3   0x00000001   0       1     1
2020   1    3   0x00000002   0       1     1
2021   1    3   0x00000003   0       1     1
2024   0    3   0x00000000   72       1     0
2025   0    3   0x00000001   0       1     0
2026   0    3   0x00000002   0       1     0
2027   0    3   0x00000003   0       1     0
2049   4    3   0x00000000   72       0     0
2050   4    3   0x00000001   0       0     0
2051   4    3   0x00000002   0       0     0
2052   4    3   0x00000003   0       0     0
2056   1    3   0x00000000   73       0     1
2057   1    3   0x00000001   0       1     1
2058   1    3   0x00000002   0       1     1
2059   1    3   0x00000003   0       1     1
2066   0    3   0x00000000   73       0     0
2067   0    3   0x00000001   0       1     0
2068   0    3   0x00000002   0       1     0
2069   0    3   0x00000003   0       1     0
2074   1    3   0x00000000   74       0     1
2075   1    3   0x00000001   0       1     1
2076   1    3   0x00000002   0       1     1
2077   1    3   0x00000003   0       1     1
2083   0    3   0x00000000   74       0     0
2084   0    3   0x00000001   0       1     0
2085   0    3   0x00000002   0       1     0
2086   0    3   0x00000003   0       1     0
2092   1    3   0x00000000   75       0     1
2093   1    3   0x00000001   0       1     1
2094   1    3   0x00000002   0       1     1
2095   1    3   0x00000003   0       1     1
2100   0    3   0x00000000   75       0     0
2101   0    3   0x00000001   0       1     0
2102   0    3   0x00000002   0       1     0
2103   0    3   0x00000003   0       1     0
2110   1    3   0x00000000   76       0     1
2111   1    3   0x00000001   0       1     1
2112   1    3   0x00000002   0       1     1
2113   1    3   0x00000003   0       1     1
2117   0    3   0x00000000   76       0     0
2118   0    3   0x00000001   0       1     0
2119   0    3   0x00000002   0       1     0
2120   0    3   0x00000003   0       1     0
2122   1    3   0x00000000   77       1     1
2123   1    3   0x00000001   0       1     1
2124   1    3   0x00000002   0       1     1
2125   1    3   0x00000003   0       1     1
2147   4    3   0x00000000   77       0     1
2148   4    3   0x00000001   0       0     1
2149   4    3   0x00000002   0       0     1
2150   4    3   0x00000003   0       0     1
2153   0    3   0x00000000   78       0     0
2154   0    3   0x00000001   0       1     0
2155   0    3   0x00000002   0       1     0
2156   0    3   0x00000003   0       1     0
2159   1    3   0x00000000   78       1     1
2160   1    3   0x00000001   0       1     1
2161   1    3   0x00000002   0       1     1
2162   1    3   0x00000003   0       1     1
2184   4    3   0x00000000   78       0     1
2185   4    3   0x00000001   0       0     1
2186   4    3   0x00000002   0       0     1
2187   4    3   0x00000003   0       0     1
2189   0    3   0x00000000   79       0     0
2190   0    3   0x00000001   0       1     0
2191   0    3   0x00000002   0       1     0
2192   0    3   0x00000003   0       1     0
2196   1    3   0x00000000   79       1     1
2197   1    3   0x00000001   0       1     1
2198   1    3   0x00000002   0       1     1
2199   1    3   0x00000003   0       1     1
2221   4    3   0x00000000   79       0     0
2222   4    3   0x00000001   0       0     0
2223   4    3   0x00000002   0       0     0
2224   4    3   0x00000003   0       0     0
2226   1    3   0x00000000   80       0     1
2227   1    3   0x00000001   0       1     1
2228   1    3   0x00000002   0       1     1
2229   1    3   0x00000003   0       1     1
2232   0    3   0x00000000   80       1     0
2233   0    3   0x00000001   0       1     0
2234   0    3   0x00000002   0       1     0
2235   0    3   0x00000003   0       1     0
2257   4    3   0x00000000   80       0     0
2258   4    3   0x00000001   0       0     0
2259   4    3   0x00000002   0       0     0
2260   4    3   0x00000003   0       0     0
2264   1    3   0x00000000   81       0     1
2265   1    3   0x00000001   0       1     1
2266   1    3   0x00000002   0       1     1
2267   1    3   0x00000003   0       1     1
2274   0    3   0x00000000   81       0     0
2275   0    3   0x00000001   0       1     0
2276   0    3   0x00000002   0       1     0
2277   0    3   0x00000003   0       1     0
2282   1    3   0x00000000   82       0     1
2283   1    3   0x00000001   0       1     1
2284   1    3   0x00000002   0       1     1
2285   1    3   0x00000003   0       1     1
2291   0    3   0x00000000   82       0     0
2292   0    3   0x00000001   0       1     0
2293   0    3   0x00000002   0       1     0
2294   0    3   0x00000003   0       1     0
2300   1    3   0x00000000   83       0     1
2301   1    3   0x00000001   0       1     1
2302   1    3   0x00000002   0       1     1
2303   1    3   0x00000003   0       1     1
2308   0    3   0x00000000   83       0     0
2309   0    3   0x00000001   0       1     0
2310   0    3   0x00000002   0       1     0
2311   0    3   0x00000003   0       1     0
2318   1    3   0x00000000   84       0     1
2319   1    3   0x00000001   0       1     1
2320   1    3   0x00000002   0       1     1
2321   1    3   0x00000003   0       1     1
2325   0    3   0x00000000   84       0     0
2326   0    3   0x00000001   0       1     0
2327   0    3   0x00000002   0       1     0
2328   0    3   0x00000003   0       1     0
2330   1    3   0x00000000   85       1     1
2331   1    3   0x00000001   0       1     1
2332   1    3   0x00000002   0       1     1
2333   1    3   0x00000003   0       1     1
2355   4    3   0x00000000   85       0     1
2356   4    3   0x00000001   0       0     1
2357   4    3   0x00000002   0       0     1
2358   4    3   0x00000003   0       0     1
2361   0    3   0x00000000   86       0     0
2362   0    3   0x00000001   0       1     0
2363   0    3   0x00000002   0       1     0
2364   0    3   0x00000003   0       1     0
2367   1    3   0x00000000   86       1     1
2368   1    3   0x00000001   0       1     1
2369   1    3   0x00000002   0       1     1
2370   1    3   0x00000003   0       1     1
2392   4    3   0x00000000   86       0     1
2393   4    3   0x00000001   0       0     1
2394   4    3   0x00000002   0       0     1
2395   4    3   0x00000003   0       0     1
2397   0    3   0x00000000   87       0     0
2398   0    3   0x00000001   0       1     0
2399   0    3   0x00000002   0       1     0
2400   0    3   0x00000003   0       1     0
2404   1    3   0x00000000   87       1     1
2405   1    3   0x00000001   0       1     1
2406   1    3   0x00000002   0       1     1
2407   1    3   0x00000003   0       1     1
2429   4    3   0x00000000   87       0     0
2430   4    3   0x00000001   0       0     0
2431   4    3   0x00000002   0       0     0
2432   4    3   0x00000003   0       0     0
2434   1    3   0x00000000   88       0     1
2435   1    3   0x00000001   0       1     1
2436   1    3   0x00000002   0       1     1
2437   1    3   0x00000003   0       1     1
2440   0    3   0x00000000   88       1     0
2441   0    3   0x00000001   0       1     0
2442   0    3   0x00000002   0       1     0
2443   0    3   0x00000003   0       1     0
2465   4    3   0x00000000   88       0     0
2466   4    3   0x00000001   0       0     0
2467   4    3   0x00000002   0       0     0
2468   4    3   0x00000003   0       0     0
2472   1    3   0x00000000   89       0     1
2473   1    3   0x00000001   0       1     1
2474   1    3   0x00000002   0       1     1
2475   1    3   0x00000003   0       1     1
2482   0    3   0x00000000   89       0     0
2483   0    3   0x00000001   0       1     0
2484   0    3   0x00000002   0       1     0
2485   0    3   0x00000003   0       1     0
2490   1    3   0x00000000   90       0     1
2491   1    3   0x00000001   0       1     1
2492   1    3   0x00000002   0       1     1
2493   1    3   0x00000003   0       1     1
2499   0    3   0x00000000   90       0     0
2500   0    3   0x00000001   0       1     0
2501   0    3   0x00000002   0       1     0
2502   0    3   0x00000003   0       1     0
2508   1    3   0x00000000   91       0     1
2509   1    3   0x00000001   0       1     1
2510   1    3   0x00000002   0       1     1
2511   1    3   0x00000003   0       1     1
2516   0    3   0x00000000   91       0     0
2517   0    3   0x00000001   0       1     0
2518   0    3   0x00000002   0       1     0
2519   0    3   0x00000003   0       1     0
2526   1    3   0x00000000   92       0     1
2527   1    3   0x00000001   0       1     1
2528   1    3   0x00000002   0       1     1
2529   1    3   0x00000003   0       1     1
2533   0    3   0x00000000   92       0     0
2534   0    3   0x00000001   0       1     0
2535   0    3   0x00000002   0       1     0
2536   0    3   0x00000003   0       1     0
2538   1    3   0x00000000   93       1     1
2539   1    3   0x00000001   0       1     1
2540   1    3   0x00000002   0       1     1
2541   1    3   0x00000003   0       1     1
2563   4    3   0x00000000   93       0     1
2564   4    3   0x00000001   0       0     1
2565   4    3   0x00000002   0       0     1
2566   4    3   0x00000003   0       0     1
2569   0    3   0x00000000   94       0     0
2570   0    3   0x00000001   0       1     0
2571   0    3   0x00000002   0       1     0
2572   0    3   0x00000003   0       1     0
2575   1    3   0x00000000   94       1     1
2576   1    3   0x00000001   0       1     1
2577   1    3   0x00000002   0       1     1
2578   1    3   0x00000003   0       1     1
2600   4    3   0x00000000   94       0     1
2601   4    3   0x00000001   0       0     1
2602   4    3   0x00000002   0       0     1
2603   4    3   0x00000003   0       0     1
2605   0    3   0x00000000   95       0     0
2606   0    3   0x00000001   0       1     0
2607   0    3   0x00000002   0       1     0
2608   0    3   0x00000003   0       1     0
2612   1    3   0x00000000   95       1     1
2613   1    3   0x00000001   0       1     1
2614   1    3   0x00000002   0       1     1
2615   1    3   0x00000003   0       1     1
2637   4    3   0x00000000   95       0     0
2638   4    3   0x00000001   0       0     0
2639   4    3   0x00000002   0       0     0
2640   4    3   0x00000003   0       0     0
2642   1    3   0x00000000   96       0     1
2643   1    3   0x00000001   0       1     1
2644   1    3   0x00000002   0       1     1
2645   1    3   0x00000003   0       1     1
2648   0    3   0x00000000   96       1     0
2649   0    3   0x00000001   0       1     0
2650   0    3   0x00000002   0       1     0
2651   0    3   0x00000003   0       1     0
2673   4    3   0x00000000   96       0     0
2674   4    3   0x00000001   0       0     0
2675   4    3   0x00000002   0       0     0
2676   4    3   0x00000003   0       0     0
2680   1    3   0x00000000   97       0     1
2681   1    3   0x00000001   0       1     1
2682   1    3   0x00000002   0       1     1
2683   1    3   0x00000003   0       1     1
2690   0    3   0x00000000   97       0     0
2691   0    3   0x00000001   0       1     0
2692   0    3   0x00000002   0       1     0
2693   0    3   0x00000003   0       1     0
2698   1    3   0x00000000   98       0     1
2699   1    3   0x00000001   0       1     1
2700   1    3   0x00000002   0       1     1
2701   1    3   0x00000003   0       1     1
2707   0    3   0x00000000   98       0     0
2708   0    3   0x00000001   0       1     0
2709   0    3   0x00000002   0       1     0
2710   0    3   0x00000003   0       1     0
2716   1    3   0x00000000   99       0     1
2717   1    3   0x00000001   0       1     1
2718   1    3   0x00000002   0       1     1
2719   1    3   0x00000003   0       1     1
2724   0    3   0x00000000   99       0     0
2725   0    3   0x00000001   0       1     0
2726   0    3   0x00000002   0       1     0
2727   0    3   0x00000003   0       1     0
2734   1    3   0x00000000   100       0     1
2735   1    3   0x00000001   0       1     1
2736   1    3   0x00000002   0       1     1
2737   1    3   0x00000003   0       1     1
2741   0    3   0x00000000   100       0     0
2742   0    3   0x00000001   0       1     0
2743   0    3   0x00000002   0       1     0
2744   0    3   0x00000003   0       1     0
2746   1    3   0x00000000   101       1     1
2747   1    3   0x00000001   0       1     1
2748   1    3   0x00000002   0       1     1
2749   1    3   0x00000003   0       1     1
2771   4    3   0x00000000   101       0     1
2772   4    3   0x00000001   0       0     1
2773   4    3   0x00000002   0       0     1
2774   4    3   0x00000003   0       0     1
2777   0    3   0x00000000   102       0     0
2778   0    3   0x00000001   0       1     0
2779   0    3   0x00000002   0       1     0
2780   0    3   0x00000003   0       1     0
2783   1    3   0x00000000   102       1     1
2784   1    3   0x00000001   0       1     1
2785   1    3   0x00000002   0       1     1
2786   1    3   0x00000003   0       1     1
2808   4    3   0x00000000   102       0     1
2809   4    3   0x00000001   0       0     1
2810   4    3   0x00000002   0       0     1
2811   4    3   0x00000003   0       0     1
2813   0    3   0x00000000   103       0     0
2814   0    3   0x00000001   0       1     0
2815   0    3   0x00000002   0       1     0
2816   0    3   0x00000003   0       1     0
2820   1    3   0x00000000   103       1     1
2821   1    3   0x00000001   0       1     1
2822   1    3   0x00000002   0       1     1
2823   1    3   0x00000003   0       1     1
2845   4    3   0x00000000   103       0     0
2846   4    3   0x00000001   0       0     0
2847   4    3   0x00000002   0       0     0
2848   4    3   0x00000003   0       0     0
2850   1    3   0x00000000   104       0     1
2851   1    3   0x00000001   0       1     1
2852   1    3   0x00000002   0       1     1
2853   1    3   0x00000003   0       1     1
2856   0    3   0x00000000   104       1     0
2857   0    3   0x00000001   0       1     0
2858   0    3   0x00000002   0       1     0
2859   0    3   0x00000003   0       1     0
2881   4    3   0x00000000   104       0     0
2882   4    3   0x00000001   0       0     0
2883   4    3   0x00000002   0       0     0
2884   4    3   0x00000003   0       0     0
2888   1    3   0x00000000   105       0     1
2889   1    3   0x00000001   0       1     1
2890   1    3   0x00000002   0       1     1
2891   1    3   0x00000003   0       1     1
2898   0    3   0x00000000   105       0     0
2899   0    3   0x00000001   0       1     0
2900   0    3   0x00000002   0       1     0
2901   0    3   0x00000003   0       1     0
2906   1    3   0x00000000   106       0     1
2907   1    3   0x00000001   0       1     1
2908   1    3   0x00000002   0       1     1
2909   1    3   0x00000003   0       1     1
2915   0    3   0x00000000   106       0     0
2916   0    3   0x00000001   0       1     0
2917   0    3   0x00000002   0       1     0
2918   0    3   0x00000003   0       1     0
2924   1    3   0x00000000   107       0     1
2925   1    3   0x00000001   0       1     1
2926   1    3   0x00000002   0       1     1
2927   1    3   0x00000003   0       1     1
2932   0    3   0x00000000   107       0     0
2933   0    3   0x00000001   0       1     0
2934   0    3   0x00000002   0       1     0
2935   0    3   0x00000003   0       1     0
2942   1    3   0x00000000   108       0     1
2943   1    3   0x00000001   0       1     1
2944   1    3   0x00000002   0       1     1
2945   1    3   0x00000003   0       1     1
2949   0    3   0x00000000   108       0     0
2950   0    3   0x00000001   0       1     0
2951   0    3   0x00000002   0       1     0
2952   0    3   0x00000003   0       1     0
2954   1    3   0x00000000   109       1     1
2955   1    3   0x00000001   0       1     1
2956   1    3   0x00000002   0       1     1
2957   1    3   0x00000003   0       1     1
2979   4    3   0x00000000   109       0     1
2980   4    3   0x00000001   0       0     1
2981   4    3   0x00000002   0       0     1
2982   4    3   0x00000003   0       0     1
2985   0    3   0x00000000   110       0     0
2986   0    3   0x00000001   0       1     0
2987   0    3   0x00000002   0       1     0
2988   0    3   0x00000003   0       1     0
2991   1    3   0x00000000   110       1     1
2992   1    3   0x00000001   0       1     1
2993   1    3   0x00000002   0       1     1
2994   1    3   0x00000003   0       1     1
3016   4    3   0x00000000   110       0     1
3017   4    3   0x00000001   0       0     1
3018   4    3   0x00000002   0       0     1
3019   4    3   0x00000003   0       0     1
3021   0    3   0x00000000   111       0     0
3022   0    3   0x00000001   0       1     0
3023   0    3   0x00000002   0       1     0
3024   0    3   0x00000003   0       1     0
3028   1    3   0x00000000   111       1     1
3029   1    3   0x00000001   0       1     1
3030   1    3   0x00000002   0       1     1
3031   1    3   0x00000003   0       1     1
3053   4    3   0x00000000   111       0     0
3054   4    3   0x00000001   0       0     0
3055   4    3   0x00000002   0       0     0
3056   4    3   0x00000003   0       0     0
3058   1    3   0x00000000   112       0     1
3059   1    3   0x00000001   0       1     1
3060   1    3   0x00000002   0       1     1
3061   1    3   0x00000003   0       1     1
3064   0    3   0x00000000   112       1     0
3065   0    3   0x00000001   0       1     0
3066   0    3   0x00000002   0       1     0
3067   0    3   0x00000003   0       1     0
3089   4    3   0x00000000   112       0     0
3090   4    3   0x00000001   0       0     0
3091   4    3   0x00000002   0       0     0
3092   4    3   0x00000003   0       0     0
3096   1    3   0x00000000   113       0     1
3097   1    3   0x00000001   0       1     1
3098   1    3   0x00000002   0       1     1
3099   1    3   0x00000003   0       1     1
3106   0    3   0x00000000   113       0     0
3107   0    3   0x00000001   0       1     0
3108   0    3   0x00000002   0       1     0
3109   0    3   0x00000003   0       1     0
3114   1    3   0x00000000   114       0     1
3115   1    3   0x00000001   0       1     1
3116   1    3   0x00000002   0       1     1
3117   1    3   0x00000003   0       1     1
3123   0    3   0x00000000   114       0     0
3124   0    3   0x00000001   0       1     0
3125   0    3   0x00000002   0       1     0
3126   0    3   0x00000003   0       1     0
3132   1    3   0x00000000   115       0     1
3133   1    3   0x00000001   0       1     1
3134   1    3   0x00000002   0       1     1
3135   1    3   0x00000003   0       1     1
3140   0    3   0x00000000   115       0     0
3141   0    3   0x00000001   0       1     0
3142   0    3   0x00000002   0       1     0
3143   0    3   0x00000003   0       1     0
3150   1    3   0x00000000   116       0     1
3151   1    3   0x00000001   0       1     1
3152   1    3   0x00000002   0       1     1
3153   1    3   0x00000003   0       1     1
3157   0    3   0x00000000   116       0     0
3158   0    3   0x00000001   0       1     0
3159   0    3   0x00000002   0       1     0
3160   0    3   0x00000003   0       1     0
3162   1    3   0x00000000   117       1     1
3163   1    3   0x00000001   0       1     1
3164   1    3   0x00000002   0       1     1
3165   1    3   0x00000003   0       1     1
3187   4    3   0x00000000   117       0     1
3188   4    3   0x00000001   0       0     1
3189   4    3   0x00000002   0       0     1
3190   4    3   0x00000003   0       0     1
3193   0    3   0x00000000   118       0     0
3194   0    3   0x00000001   0       1     0
3195   0    3   0x00000002   0       1     0
3196   0    3   0x00000003   0       1     0
3199   1    3   0x00000000   118       1     1
3200   1    3   0x00000001   0       1     1
3201   1    3   0x00000002   0       1     1
3202   1    3   0x00000003   0       1     1
3224   4    3   0x00000000   118       0     1
3225   4    3   0x00000001   0       0     1
3226   4    3   0x00000002   0       0     1
3227   4    3   0x00000003   0       0     1
3229   0    3   0x00000000   119       0     0
3230   0    3   0x00000001   0       1     0
3231   0    3   0x00000002   0       1     0
3232   0    3   0x00000003   0       1     0
3236   1    3   0x00000000   119       1     1
3237   1    3   0x00000001   0       1     1
3238   1    3   0x00000002   0       1     1
3239   1    3   0x00000003   0       1     1
3261   4    3   0x00000000   119       0     0
3262   4    3   0x00000001   0       0     0
3263   4    3   0x00000002   0       0     0
3264   4    3   0x00000003   0       0     0
3266   1    3   0x00000000   120       0     1
3267   1    3   0x00000001   0       1     1
3268   1    3   0x00000002   0       1     1
3269   1    3   0x00000003   0       1     1
3272   0    3   0x00000000   120       1     0
3273   0    3   0x00000001   0       1     0
3274   0    3   0x00000002   0       1     0
3275   0    3   0x00000003   0       1     0
3297   4    3   0x00000000   120       0     0
3298   4    3   0x00000001   0       0     0
3299   4    3   0x00000002   0       0     0
3300   4    3   0x00000003   0       0     0
3304   1    3   0x00000000   121       0     1
3305   1    3   0x00000001   0       1     1
3306   1    3   0x00000002   0       1     1
3307   1    3   0x00000003   0       1     1
3314   0    3   0x00000000   121       0     0
3315   0    3   0x00000001   0       1     0
3316   0    3   0x00000002   0       1     0
3317   0    3   0x00000003   0       1     0
3322   1    3   0x00000000   122       0     1
3323   1    3   0x00000001   0       1     1
3324   1    3   0x00000002   0       1     1
3325   1    3   0x00000003   0       1     1
3331   0    3   0x00000000   122       0     0
3332   0    3   0x00000001   0       1     0
3333   0    3   0x00000002   0       1     0
3334   0    3   0x00000003   0       1     0
3340   1    3   0x00000000   123       0     1
3341   1    3   0x00000001   0       1     1
3342   1    3   0x00000002   0       1     1
3343   1    3   0x00000003   0       1     1
3348   0    3   0x00000000   123       0     0
3349   0    3   0x00000001   0       1     0
3350   0    3   0x00000002   0       1     0
3351   0    3   0x00000003   0       1     0
3358   1    3   0x00000000   124       0     1
3359   1    3   0x00000001   0       1     1
3360   1    3   0x00000002   0       1     1
3361   1    3   0x00000003   0       1     1
3365   0    3   0x00000000   124       0     0
3366   0    3   0x00000001   0       1     0
3367   0    3   0x00000002   0       1     0
3368   0    3   0x00000003   0       1     0
3370   1    3   0x00000000   125       1     1
3371   1    3   0x00000001   0       1     1
3372   1    3   0x00000002   0       1     1
3373   1    3   0x00000003   0       1     1
3395   4    3   0x00000000   125       0     1
3396   4    3   0x00000001   0       0     1
3397   4    3   0x00000002   0       0     1
3398   4    3   0x00000003   0       0     1
3401   0    3   0x00000000   126       0     0
3402   0    3   0x00000001   0       1     0
3403   0    3   0x00000002   0       1     0
3404   0    3   0x00000003   0       1     0
3407   1    3   0x00000000   126       1     1
3408   1    3   0x00000001   0       1     1
3409   1    3   0x00000002   0       1     1
3410   1    3   0x00000003   0       1     1
3432   4    3   0x00000000   126       0     1
3433   4    3   0x00000001   0       0     1
3434   4    3   0x00000002   0       0     1
3435   4    3   0x00000003   0       0     1
3437   0    3   0x00000000   127       0     0
3438   0    3   0x00000001   0       1     0
3439   0    3   0x00000002   0       1     0
3440   0    3   0x00000003   0       1     0
3444   1    3   0x00000000   127       1     1
3445   1    3   0x00000001   0       1     1
3446   1    3   0x00000002   0       1     1
3447   1    3   0x00000003   0       1     1
3469   4    3   0x00000000   127       0     0
3470   4    3   0x00000001   0       0     0
3471   4    3   0x00000002   0       0     0
3472   4    3   0x00000003   0       0     0
3474   1    3   0x00000000   128       0     1
3475   1    3   0x00000001   0       1     1
3476   1    3   0x00000002   0       1     1
3477   1    3   0x00000003   0       1     1
