Cyc Orig Cmd    Addr      Data  Shared
0   0    1   0x00000000   0       0     0
1   0    1   0x00000000   0       0     0
2   0    1   0x00000000   0       0     0
3   0    1   0x00000000   0       0     0
4   0    1   0x00000000   0       0     0
5   0    1   0x00000000   0       0     0
6   0    1   0x00000000   0       0     0
7   0    1   0x00000000   0       0     0
8   0    1   0x00000000   0       0     0
9   0    1   0x00000000   0       0     0
10   0    1   0x00000000   0       0     0
11   0    1   0x00000000   0       0     0
12   0    1   0x00000000   0       0     0
13   0    1   0x00000000   0       0     0
14   0    1   0x00000000   0       0     0
15   0    1   0x00000000   0       0     0
16   4    1   0x00000000   0       0     0
17   4    1   0x00000001   0       0     0
18   4    1   0x00000002   0       0     0
19   4    1   0x00000003   0       0     0
26   1    1   0x00000000   0       1     1
27   1    1   0x00000001   0       1     1
28   1    1   0x00000002   0       1     1
29   1    1   0x00000003   0       1     1
